GATE 10240 256 2560 2.22285e-07
TIMING 10240 256 2560 0 12.6845
TIMING 10240 256 2560 1 5.3669
TIMING 10240 256 2560 2 5.42635
TIMING 10240 256 2560 3 5.37871
TIMING 10240 256 2560 4 5.52829
TIMING 10240 256 2560 5 5.57463
TIMING 10240 256 2560 6 5.41065
TIMING 10240 256 2560 7 5.31901
RESULT 10240 256 2560 2.22285e-07 0.0404515
GATE 2560 256 10240 2.19341e-07
TIMING 2560 256 10240 0 6.40303
TIMING 2560 256 10240 1 5.97014
TIMING 2560 256 10240 2 5.82936
TIMING 2560 256 10240 3 5.95654
TIMING 2560 256 10240 4 5.89947
TIMING 2560 256 10240 5 5.85133
TIMING 2560 256 10240 6 5.79478
TIMING 2560 256 10240 7 5.84223
RESULT 2560 256 10240 2.19341e-07 0.076992
OWNERS_DRAINED
