GATE 10240 256 2560 2.22285e-07
TIMING 10240 256 2560 0 20.8826
TIMING 10240 256 2560 1 18.9757
TIMING 10240 256 2560 2 19.5573
TIMING 10240 256 2560 3 18.965
TIMING 10240 256 2560 4 19.1063
TIMING 10240 256 2560 5 19.0677
TIMING 10240 256 2560 6 18.9097
TIMING 10240 256 2560 7 19.0104
RESULT 10240 256 2560 2.22285e-07 0.0404515
GATE 2560 256 10240 2.19341e-07
TIMING 2560 256 10240 0 19.1138
TIMING 2560 256 10240 1 18.7805
TIMING 2560 256 10240 2 18.8094
TIMING 2560 256 10240 3 18.8992
TIMING 2560 256 10240 4 18.8317
TIMING 2560 256 10240 5 18.6804
TIMING 2560 256 10240 6 18.7361
TIMING 2560 256 10240 7 18.8446
RESULT 2560 256 10240 2.19341e-07 0.076992
OWNERS_DRAINED
