q4-256-2560-4-0 = MUL_MAT 2 0 2560 4 256 1 1 1 1 0 1 2 3 0 1 0
q4-2560-256-4-0 = MUL_MAT 2 0 256 4 2560 1 1 1 1 0 1 2 3 0 1 0
q4-10240-2560-4-0 = MUL_MAT 2 0 2560 4 10240 1 1 1 1 0 1 2 3 0 1 0
q4-2560-10240-4-0 = MUL_MAT 2 0 10240 4 2560 1 1 1 1 0 1 2 3 0 1 0
q4-4096-2560-4-0 = MUL_MAT 2 0 2560 4 4096 1 1 1 1 0 1 2 3 0 1 0
q4-2560-4096-4-0 = MUL_MAT 2 0 4096 4 2560 1 1 1 1 0 1 2 3 0 1 0
q4-2048-2560-4-0 = MUL_MAT 2 0 2560 4 2048 1 1 1 1 0 1 2 3 0 1 0
q4-2560-2048-4-0 = MUL_MAT 2 0 2048 4 2560 1 1 1 1 0 1 2 3 0 1 0
q4-2560-512-4-0 = MUL_MAT 2 0 512 4 2560 1 1 1 1 0 1 2 3 0 1 0
q4-2560-1024-4-0 = MUL_MAT 2 0 1024 4 2560 1 1 1 1 0 1 2 3 0 1 0
q4-2560-2560-1-0 = MUL_MAT 2 0 2560 1 2560 1 1 1 1 0 1 2 3 0 1 0
q4-2560-2560-3-0 = MUL_MAT 2 0 2560 3 2560 1 1 1 1 0 1 2 3 0 1 0
q4-2560-2560-5-0 = MUL_MAT 2 0 2560 5 2560 1 1 1 1 0 1 2 3 0 1 0
q4-2560-2-4-0 = MUL_MAT 2 0 2 4 2560 1 1 1 1 0 1 2 3 0 1 0
q4-2560-5-4-0 = MUL_MAT 2 0 5 4 2560 1 1 1 1 0 1 2 3 0 1 0
q4-2560-6-4-0 = MUL_MAT 2 0 6 4 2560 1 1 1 1 0 1 2 3 0 1 0
q4-2560-17-4-0 = MUL_MAT 2 0 17 4 2560 1 1 1 1 0 1 2 3 0 1 0
q4-2560-2560-4-2592 = MUL_MAT 2 0 2560 4 2560 1 1 1 1 0 1 2 3 2592 1 0
q8control-2560-2560-4-0 = MUL_MAT 8 0 2560 4 2560 1 1 1 1 0 1 2 3 0 1 0
