29 0 2560 4 1 1 1 0 2 2 256 2560 1 1 18 144 368640 368640 0 256 4 1 1 4 1024 4096 4096 q4-256-2560-4-0
29 0 256 4 1 1 1 0 2 2 2560 256 1 1 18 1440 368640 368640 0 2560 4 1 1 4 10240 40960 40960 q4-2560-256-4-0
29 0 2560 4 1 1 1 0 2 2 10240 2560 1 1 18 5760 14745600 14745600 0 10240 4 1 1 4 40960 163840 163840 q4-10240-2560-4-0
29 0 10240 4 1 1 1 0 2 2 2560 10240 1 1 18 1440 14745600 14745600 0 2560 4 1 1 4 10240 40960 40960 q4-2560-10240-4-0
29 0 2560 4 1 1 1 0 2 2 4096 2560 1 1 18 2304 5898240 5898240 0 4096 4 1 1 4 16384 65536 65536 q4-4096-2560-4-0
29 0 4096 4 1 1 1 0 2 2 2560 4096 1 1 18 1440 5898240 5898240 0 2560 4 1 1 4 10240 40960 40960 q4-2560-4096-4-0
29 0 2560 4 1 1 1 0 2 2 2048 2560 1 1 18 1152 2949120 2949120 0 2048 4 1 1 4 8192 32768 32768 q4-2048-2560-4-0
29 0 2048 4 1 1 1 0 2 2 2560 2048 1 1 18 1440 2949120 2949120 0 2560 4 1 1 4 10240 40960 40960 q4-2560-2048-4-0
29 0 512 4 1 1 1 0 2 2 2560 512 1 1 18 1440 737280 737280 0 2560 4 1 1 4 10240 40960 40960 q4-2560-512-4-0
29 0 1024 4 1 1 1 0 2 2 2560 1024 1 1 18 1440 1474560 1474560 0 2560 4 1 1 4 10240 40960 40960 q4-2560-1024-4-0
29 0 2560 1 1 1 1 0 2 2 2560 2560 1 1 18 1440 3686400 3686400 0 2560 1 1 1 4 10240 10240 10240 q4-2560-2560-1-0
29 0 2560 3 1 1 1 0 2 2 2560 2560 1 1 18 1440 3686400 3686400 0 2560 3 1 1 4 10240 30720 30720 q4-2560-2560-3-0
29 0 2560 5 1 1 1 0 2 2 2560 2560 1 1 18 1440 3686400 3686400 0 2560 5 1 1 4 10240 51200 51200 q4-2560-2560-5-0
29 0 2 4 1 1 1 0 2 2 2560 2 1 1 18 1440 2880 2880 0 2560 4 1 1 4 10240 40960 40960 q4-2560-2-4-0
29 0 5 4 1 1 1 0 2 2 2560 5 1 1 18 1440 7200 7200 0 2560 4 1 1 4 10240 40960 40960 q4-2560-5-4-0
29 0 6 4 1 1 1 0 2 2 2560 6 1 1 18 1440 8640 8640 0 2560 4 1 1 4 10240 40960 40960 q4-2560-6-4-0
29 0 17 4 1 1 1 0 2 2 2560 17 1 1 18 1440 24480 24480 0 2560 4 1 1 4 10240 40960 40960 q4-2560-17-4-0
29 0 2560 4 1 1 1 0 2 2 2560 2560 1 1 18 1458 3732480 3732480 0 2560 4 1 1 4 10240 40960 40960 q4-2560-2560-4-2592
29 0 2560 4 1 1 1 0 2 8 2560 2560 1 1 34 2720 6963200 6963200 0 2560 4 1 1 4 10240 40960 40960 q8control-2560-2560-4-0
