29 0 32768 1 8 1 1 0 2 1 512 32768 2 1 2 1024 33554432 67108864 0 512 1 8 1 4 2048 2048 16384 pair-512-32768-1
29 0 32768 4 8 1 1 0 2 1 512 32768 2 1 2 1024 33554432 67108864 0 512 4 8 1 4 2048 8192 65536 pair-512-32768-4
29 0 65536 1 8 1 1 0 2 1 512 65536 2 1 2 1024 67108864 134217728 0 512 1 8 1 4 2048 2048 16384 pair-512-65536-1
29 0 65536 4 8 1 1 0 2 1 512 65536 2 1 2 1024 67108864 134217728 0 512 4 8 1 4 2048 8192 65536 pair-512-65536-4
29 0 512 1 8 1 1 0 2 1 32768 512 2 1 2 65536 33554432 67108864 0 32768 1 8 1 4 131072 131072 1048576 pair-32768-512-1
29 0 512 4 8 1 1 0 2 1 32768 512 2 1 2 65536 33554432 67108864 0 32768 4 8 1 4 131072 524288 4194304 pair-32768-512-4
29 0 512 1 8 1 1 0 2 1 65536 512 2 1 2 131072 67108864 134217728 0 65536 1 8 1 4 262144 262144 2097152 pair-65536-512-1
29 0 512 4 8 1 1 0 2 1 65536 512 2 1 2 131072 67108864 134217728 0 65536 4 8 1 4 262144 1048576 8388608 pair-65536-512-4
29 0 32784 4 8 1 1 0 2 1 512 32784 2 1 2 1024 33570816 67141632 0 512 4 8 1 4 2048 8192 65536 score3-512-32784-4
29 0 64768 4 8 1 1 0 2 1 512 64768 2 1 2 1024 66322432 132644864 0 512 4 8 1 4 2048 8192 65536 score3-512-64768-4
29 0 65024 4 8 1 1 0 2 1 512 65024 2 1 2 1024 66584576 133169152 0 512 4 8 1 4 2048 8192 65536 score3-512-65024-4
