GATE 10240 256 2560 2.22285e-07
TIMING 10240 256 2560 0 20.1479
TIMING 10240 256 2560 1 19.146
TIMING 10240 256 2560 2 18.8214
TIMING 10240 256 2560 3 18.9753
TIMING 10240 256 2560 4 18.9116
TIMING 10240 256 2560 5 19.0484
TIMING 10240 256 2560 6 18.9608
TIMING 10240 256 2560 7 18.9744
RESULT 10240 256 2560 2.22285e-07 0.0404515
GATE 2560 256 10240 2.19341e-07
TIMING 2560 256 10240 0 19.0876
TIMING 2560 256 10240 1 19.0299
TIMING 2560 256 10240 2 18.5714
TIMING 2560 256 10240 3 18.8388
TIMING 2560 256 10240 4 18.6639
TIMING 2560 256 10240 5 18.8414
TIMING 2560 256 10240 6 18.6307
TIMING 2560 256 10240 7 18.72
RESULT 2560 256 10240 2.19341e-07 0.076992
OWNERS_DRAINED
