GATE 10240 256 2560 2.22285e-07
TIMING 10240 256 2560 0 11.1106
TIMING 10240 256 2560 1 6.5912
TIMING 10240 256 2560 2 5.51227
TIMING 10240 256 2560 3 5.51346
TIMING 10240 256 2560 4 5.44139
TIMING 10240 256 2560 5 5.45904
TIMING 10240 256 2560 6 5.36977
TIMING 10240 256 2560 7 5.33899
RESULT 10240 256 2560 2.22285e-07 0.0404515
GATE 2560 256 10240 2.19341e-07
TIMING 2560 256 10240 0 7.45745
TIMING 2560 256 10240 1 6.34447
TIMING 2560 256 10240 2 5.73057
TIMING 2560 256 10240 3 5.7095
TIMING 2560 256 10240 4 5.8456
TIMING 2560 256 10240 5 5.74875
TIMING 2560 256 10240 6 5.9367
TIMING 2560 256 10240 7 5.73401
RESULT 2560 256 10240 2.19341e-07 0.076992
OWNERS_DRAINED
