GATE 10240 256 2560 2.22285e-07
TIMING 10240 256 2560 0 6.86677
TIMING 10240 256 2560 1 5.87603
TIMING 10240 256 2560 2 5.43086
TIMING 10240 256 2560 3 5.29978
TIMING 10240 256 2560 4 5.61706
TIMING 10240 256 2560 5 5.37793
TIMING 10240 256 2560 6 5.32031
TIMING 10240 256 2560 7 5.40165
RESULT 10240 256 2560 2.22285e-07 0.0404515
GATE 2560 256 10240 2.19341e-07
TIMING 2560 256 10240 0 6.02655
TIMING 2560 256 10240 1 5.87075
TIMING 2560 256 10240 2 5.77393
TIMING 2560 256 10240 3 5.67797
TIMING 2560 256 10240 4 5.81893
TIMING 2560 256 10240 5 5.69838
TIMING 2560 256 10240 6 5.77449
TIMING 2560 256 10240 7 5.65628
RESULT 2560 256 10240 2.19341e-07 0.076992
OWNERS_DRAINED
