GATE 10240 256 2560 2.22285e-07
TIMING 10240 256 2560 0 6.36831
TIMING 10240 256 2560 1 5.64676
TIMING 10240 256 2560 2 5.49135
TIMING 10240 256 2560 3 5.40793
TIMING 10240 256 2560 4 5.47046
TIMING 10240 256 2560 5 5.46034
TIMING 10240 256 2560 6 5.37277
TIMING 10240 256 2560 7 5.42488
RESULT 10240 256 2560 2.22285e-07 0.0404515
GATE 2560 256 10240 2.19341e-07
TIMING 2560 256 10240 0 5.91735
TIMING 2560 256 10240 1 5.7707
TIMING 2560 256 10240 2 5.79428
TIMING 2560 256 10240 3 5.76177
TIMING 2560 256 10240 4 5.85773
TIMING 2560 256 10240 5 5.91634
TIMING 2560 256 10240 6 5.78485
TIMING 2560 256 10240 7 5.69654
RESULT 2560 256 10240 2.19341e-07 0.076992
OWNERS_DRAINED
