GATE 10240 256 2560 2.22285e-07
TIMING 10240 256 2560 0 19.1192
TIMING 10240 256 2560 1 19.3426
TIMING 10240 256 2560 2 18.9433
TIMING 10240 256 2560 3 19.0719
TIMING 10240 256 2560 4 18.9112
TIMING 10240 256 2560 5 19.052
TIMING 10240 256 2560 6 18.9259
TIMING 10240 256 2560 7 18.9671
RESULT 10240 256 2560 2.22285e-07 0.0404515
GATE 2560 256 10240 2.19341e-07
TIMING 2560 256 10240 0 19.0704
TIMING 2560 256 10240 1 19.152
TIMING 2560 256 10240 2 18.6682
TIMING 2560 256 10240 3 18.793
TIMING 2560 256 10240 4 18.7056
TIMING 2560 256 10240 5 18.7671
TIMING 2560 256 10240 6 18.5888
TIMING 2560 256 10240 7 18.6433
RESULT 2560 256 10240 2.19341e-07 0.076992
OWNERS_DRAINED
