GATE 10240 256 2560 2.22285e-07
TIMING 10240 256 2560 0 19.6822
TIMING 10240 256 2560 1 19.3896
TIMING 10240 256 2560 2 19.1096
TIMING 10240 256 2560 3 19.0059
TIMING 10240 256 2560 4 19.0378
TIMING 10240 256 2560 5 19.1209
TIMING 10240 256 2560 6 19.129
TIMING 10240 256 2560 7 19.0398
RESULT 10240 256 2560 2.22285e-07 0.0404515
GATE 2560 256 10240 2.19341e-07
TIMING 2560 256 10240 0 19.2253
TIMING 2560 256 10240 1 18.9593
TIMING 2560 256 10240 2 18.824
TIMING 2560 256 10240 3 18.7729
TIMING 2560 256 10240 4 20.0421
TIMING 2560 256 10240 5 18.7362
TIMING 2560 256 10240 6 18.9175
TIMING 2560 256 10240 7 18.9702
RESULT 2560 256 10240 2.19341e-07 0.076992
OWNERS_DRAINED
