29 0 32768 1 8 1 1 0 2 1 512 32768 2 1 2 1024 33554432 67108864 0 512 1 8 1 4 2048 2048 16384 pair-512-32768-1
29 0 32768 4 8 1 1 0 2 1 512 32768 2 1 2 1024 33554432 67108864 0 512 4 8 1 4 2048 8192 65536 pair-512-32768-4
29 0 65536 1 8 1 1 0 2 1 512 65536 2 1 2 1024 67108864 134217728 0 512 1 8 1 4 2048 2048 16384 pair-512-65536-1
29 0 65536 4 8 1 1 0 2 1 512 65536 2 1 2 1024 67108864 134217728 0 512 4 8 1 4 2048 8192 65536 pair-512-65536-4
29 0 512 1 8 1 1 0 2 1 32768 512 2 1 2 65536 33554432 67108864 0 32768 1 8 1 4 131072 131072 1048576 pair-32768-512-1
29 0 512 4 8 1 1 0 2 1 32768 512 2 1 2 65536 33554432 67108864 0 32768 4 8 1 4 131072 524288 4194304 pair-32768-512-4
29 0 512 1 8 1 1 0 2 1 65536 512 2 1 2 131072 67108864 134217728 0 65536 1 8 1 4 262144 262144 2097152 pair-65536-512-1
29 0 512 4 8 1 1 0 2 1 65536 512 2 1 2 131072 67108864 134217728 0 65536 4 8 1 4 262144 1048576 8388608 pair-65536-512-4

MUL_MAT(type_a=f16,type_b=f32,m=32784,n=4,k=512,bs=[8,1],nr=[4,1],per=[0,2,1,3],v=0)
MUL_MAT(type_a=f16,type_b=f32,m=64768,n=4,k=512,bs=[8,1],nr=[4,1],per=[0,2,1,3],v=0)
MUL_MAT(type_a=f16,type_b=f32,m=65024,n=4,k=512,bs=[8,1],nr=[4,1],per=[0,2,1,3],v=0)
