29 0 512 1 8 1 1 0 2 1 32768 512 2 1 2 65536 33554432 67108864 0 32768 1 8 1 4 131072 131072 1048576 value-32768-1-pad0
29 0 512 3 8 1 1 0 2 1 32768 512 2 1 2 65536 33554432 67108864 0 32768 3 8 1 4 131072 393216 3145728 value-32768-3-pad0
29 0 512 4 8 1 1 0 2 1 32768 512 2 1 2 65536 33554432 67108864 0 32768 4 8 1 4 131072 524288 4194304 value-32768-4-pad0
29 0 512 4 8 1 1 0 2 1 32768 512 2 1 2 65568 33570816 67141632 0 32768 4 8 1 4 131072 524288 4194304 value-32768-4-pad16
29 0 512 1 8 1 1 0 2 1 32776 512 2 1 2 65552 33562624 67125248 0 32776 1 8 1 4 131104 131104 1048832 value-32776-1-pad0
29 0 512 3 8 1 1 0 2 1 32776 512 2 1 2 65552 33562624 67125248 0 32776 3 8 1 4 131104 393312 3146496 value-32776-3-pad0
29 0 512 4 8 1 1 0 2 1 32776 512 2 1 2 65552 33562624 67125248 0 32776 4 8 1 4 131104 524416 4195328 value-32776-4-pad0
29 0 512 1 8 1 1 0 2 1 64768 512 2 1 2 129536 66322432 132644864 0 64768 1 8 1 4 259072 259072 2072576 value-64768-1-pad0
29 0 512 3 8 1 1 0 2 1 64768 512 2 1 2 129536 66322432 132644864 0 64768 3 8 1 4 259072 777216 6217728 value-64768-3-pad0
29 0 512 4 8 1 1 0 2 1 64768 512 2 1 2 129536 66322432 132644864 0 64768 4 8 1 4 259072 1036288 8290304 value-64768-4-pad0
29 0 512 1 8 1 1 0 2 1 65024 512 2 1 2 130048 66584576 133169152 0 65024 1 8 1 4 260096 260096 2080768 value-65024-1-pad0
29 0 512 3 8 1 1 0 2 1 65024 512 2 1 2 130048 66584576 133169152 0 65024 3 8 1 4 260096 780288 6242304 value-65024-3-pad0
29 0 512 4 8 1 1 0 2 1 65024 512 2 1 2 130048 66584576 133169152 0 65024 4 8 1 4 260096 1040384 8323072 value-65024-4-pad0
29 0 512 1 8 1 1 0 2 1 65536 512 2 1 2 131072 67108864 134217728 0 65536 1 8 1 4 262144 262144 2097152 value-65536-1-pad0
29 0 512 3 8 1 1 0 2 1 65536 512 2 1 2 131072 67108864 134217728 0 65536 3 8 1 4 262144 786432 6291456 value-65536-3-pad0
29 0 512 4 8 1 1 0 2 1 65536 512 2 1 2 131072 67108864 134217728 0 65536 4 8 1 4 262144 1048576 8388608 value-65536-4-pad0
29 0 512 4 8 1 1 0 2 1 32760 512 2 1 2 65520 33546240 67092480 0 32760 4 8 1 4 131040 524160 4193280 excluded-32760-512-4
29 0 512 4 8 1 1 0 2 1 32769 512 2 1 2 65538 33555456 67110912 0 32769 4 8 1 4 131076 524304 4194432 excluded-32769-512-4
29 0 256 4 8 1 1 0 2 1 768 256 2 1 2 1536 393216 786432 0 768 4 8 1 4 3072 12288 98304 excluded-768-256-4
29 0 32768 4 8 1 1 0 2 1 512 32768 2 1 2 1024 33554432 67108864 0 512 4 8 1 4 2048 8192 65536 excluded-512-32768-4
29 0 65024 4 8 1 1 0 2 1 512 65024 2 1 2 1024 66584576 133169152 0 512 4 8 1 4 2048 8192 65536 excluded-512-65024-4
